10 10
213.0 203.0 122.0 144.0 192.0 203.0 172.0 175.0 201.0 233.0
311.0 289.0 245.0 178.0 274.0 230.0 205.0 203.0 279.0 329.0
341.0 373.0 362.0 186.0 342.0 327.0 229.0 243.0 305.0 387.0
232.0 290.0 187.0 164.0 210.0 217.0 176.0 230.0 249.0 295.0
224.0 324.0 215.0 122.0 280.0 287.0 204.0 208.0 208.0 262.0
171.0 193.0 100.0 81.0 189.0 190.0 140.0 150.0 158.0 180.0
197.0 185.0 171.0 105.0 154.0 206.0 140.0 174.0 156.0 210.0
158.0 248.0 241.0 115.0 184.0 170.0 116.0 144.0 210.0 249.0
195.0 339.0 244.0 139.0 282.0 193.0 188.0 177.0 258.0 295.0
206.0 281.0 187.0 160.0 198.0 171.0 182.0 221.0 258.0 296.0
