10 10
0.3062 0.113 0.3321 0.7709 0.1484 0.8998 0.4485 0.6436 0.3632 0.7265
0.3944 0.2155 0.3109 0.7975 0.8187 0.6319 0.2843 0.3867 0.3465 0.8928
0.0953 0.7116 0.9987 0.3211 0.6459 0.1191 0.0416 0.8147 0.9016 0.3433
0.5837 0.2819 0.7373 0.9443 0.928 0.2706 0.7157 0.1618 0.4211 0.6935
0.9738 0.3236 0.2947 0.7249 0.0449 0.639 0.7885 0.3973 0.6214 0.6763
0.6633 0.1625 0.9791 0.0734 0.0645 0.6987 0.0232 0.0659 0.583 0.5417
0.6938 0.2257 0.2726 0.6988 0.771 0.4032 0.3308 0.2639 0.9615 0.2382
0.127 0.1928 0.5105 0.7632 0.2715 0.8225 0.4879 0.5619 0.4578 0.4207
0.3247 0.6645 0.8817 0.0386 0.1392 0.8624 0.1464 0.2042 0.8849 0.4081
0.6907 0.5453 0.3772 0.1282 0.9491 0.2553 0.811 0.8234 0.6435 0.4302
